0.0133303265035,0.0215343775929,0.0124978215366,0.00152036038761,0.0197804652561,0.00146245545204,0.887810909636,0.00174442857161,0.00160712817647,0.00155282532826,0.0169307671954,0.00169441199611,0.00148194169578,0.0153758185596,0.0016759621117
0.0474039084673,0.0247511166662,0.0408039048995,0.00258158389888,0.0201818884519,0.00335789236327,0.789641709852,0.00295816667938,0.00307742730937,0.00313965684759,0.024053178803,0.00261018228783,0.00332065898113,0.0293962035474,0.00272252094542
0.00278030466972,0.00274000940903,0.00263275413208,0.000226181777802,0.00224003400576,0.000253648721408,0.982702853857,0.000259165508682,0.000260613555201,0.000251711326511,0.00227703528626,0.00024156413273,0.000257204545672,0.00262827113092,0.000248647940806
0.0157282396389,0.0179059335903,0.0123768802262,0.00167598849363,0.0200522772035,0.00158877944689,0.885512685789,0.00193392179076,0.00157562188492,0.00174965138359,0.0217335974731,0.00175599816882,0.00152091879638,0.013243307327,0.00164619878674
0.0305376311159,0.0910050178999,0.0334256219031,0.00426260125709,0.0667940500375,0.00391519616611,0.64719007516,0.00486343343876,0.00493190524169,0.00411794885786,0.0417230752658,0.00517049407404,0.00420090454392,0.0525148063048,0.00534723873304
0.00722611896508,0.00749893490916,0.0057973920155,0.000695135193507,0.00772236899104,0.000694415972692,0.95161300173,0.000800935057249,0.000685514773081,0.000744055891461,0.0084479133158,0.000726536134837,0.000670444441721,0.00598033568944,0.000696896919049
0.0186679804205,0.0129846174726,0.0168787454991,0.00122442309843,0.0105844292219,0.00148942044511,0.903818893373,0.00140312607143,0.00143828269707,0.00143151724421,0.0118496921262,0.0012674082938,0.00149036291893,0.0141564354924,0.00131466562526
0.0348356814435,0.041877341785,0.0256327591239,0.00436661489458,0.0578122586915,0.00376455440771,0.711856059336,0.00505991448284,0.00366087705433,0.0043864975784,0.0667700716411,0.00451120520912,0.00350219589178,0.0279616842204,0.00400228424033
0.0122725078993,0.00842678251661,0.0101713105772,0.00083245205199,0.00735387157985,0.000978791348862,0.937245248575,0.000955928049319,0.000924814162181,0.000966118387793,0.0085649055196,0.000851681058699,0.000958480787455,0.00863461231717,0.000862495168467
0.0378076774861,0.141434835251,0.0368357164755,0.00723365037712,0.179199288029,0.00549598236058,0.407685232108,0.00828675830771,0.00688577902671,0.00633574671196,0.0816661653751,0.00902292117959,0.00566676470518,0.0580371546283,0.00840632797816
0.0380753677353,0.0892745963546,0.0334051712364,0.00638780595737,0.126923207238,0.00500412457915,0.533070305092,0.00735802315944,0.00565507794083,0.00584508217766,0.0845834360746,0.00736151018871,0.0049406934823,0.0454791593951,0.00663643938819
0.0245323457579,0.0539179095729,0.024189752566,0.00323481545629,0.0486125164491,0.0029521032485,0.753141438984,0.00370565502969,0.00344172068876,0.00317310495916,0.0352152346141,0.00375024449063,0.00304698753742,0.0333676521717,0.0037185184743
0.0262561460784,0.0541780925498,0.0245001313512,0.00356347111359,0.0553175558586,0.00315556079321,0.736520895261,0.00409099060937,0.00358087309254,0.00346781388862,0.0414973576666,0.00407395485317,0.00319394854883,0.0326763546551,0.00392685367997
0.032831535862,0.0464425528275,0.0256152239104,0.00435579619735,0.0626600447017,0.00370759813126,0.706109124787,0.00503752621728,0.00375786786253,0.00429243217859,0.0633347053983,0.00462979440172,0.00351693353333,0.0295551018419,0.00415376214867
0.0161782829755,0.0122528439913,0.0152819260666,0.00110413442272,0.00975080892553,0.00133397951347,0.912647165856,0.00126436392136,0.0013172475176,0.00127984920661,0.0105657963344,0.00115540981439,0.00134944757451,0.0133119891029,0.00120675477666
0.0379864150399,0.071186950952,0.0313555423803,0.00593717381734,0.104559129047,0.00473153961108,0.585087324544,0.00685740945467,0.00507236942521,0.00556528300332,0.0850190774976,0.00657766668981,0.00456517557911,0.0396553914799,0.00584355147891
0.0252659877728,0.0145498781416,0.0196833757648,0.00154730608218,0.0128904429121,0.00187484453554,0.882636038462,0.00177793129543,0.00170554776094,0.00183655372324,0.0158437846937,0.00155427110864,0.00181003757202,0.0154552090602,0.00156879111436
0.0101698221967,0.00718801903627,0.00844109045367,0.000704460697775,0.00630144517616,0.000821115939428,0.947144476681,0.00080903736992,0.000779144719463,0.00081378398361,0.00729983017295,0.000722157428104,0.000804234488745,0.00727146549756,0.000729916158318
0.0176808483596,0.0301359547373,0.0201958527346,0.00179464554543,0.0205324117664,0.00192053647649,0.852347251645,0.00204699283907,0.00225455358353,0.00189432891023,0.0166163761758,0.00205718568568,0.00206462738476,0.0262513507312,0.00220708342444
0.0385038691185,0.0293639285613,0.0433749524078,0.00248669739441,0.0208512546512,0.00319976018164,0.786197376626,0.00283761849781,0.00327928526574,0.00292666305863,0.0214917857874,0.00264714657456,0.00336721119757,0.0365872448099,0.00288520586739
0.0353399546667,0.0594887864526,0.0490429405228,0.00329755973622,0.033587499906,0.00385304143331,0.697669388771,0.00374512522292,0.00475832489472,0.00357907563054,0.0268592671391,0.00383887724463,0.00435553791188,0.0662004550552,0.00438416541199
0.0168774106069,0.0220065269096,0.0138644517458,0.00191107006609,0.0243144881952,0.00177993493938,0.867653321845,0.00220282107356,0.00182112061137,0.00196075524492,0.0243116518166,0.00204183941622,0.00172617979582,0.0156042725159,0.00192415521734
0.0352622001209,0.132438232337,0.044447573946,0.00484126131343,0.070108411027,0.00469321636577,0.550954423179,0.00549680374672,0.00641091376546,0.00472123809406,0.0414370786576,0.00608514244583,0.00529616267736,0.0810656263873,0.00674171593734
0.232582755996,0.0390179005732,0.085119707626,0.00665913108682,0.0392846050258,0.00951761427623,0.432712585617,0.00769678489103,0.0064986621466,0.00917851081951,0.0667553207467,0.00588219012569,0.00800336567085,0.0454243614382,0.00566650396101
0.0180995645485,0.0120233243503,0.0125657006491,0.00135738520312,0.0124910904664,0.00146807704274,0.90622930251,0.00156704193318,0.00131680215889,0.00154717368289,0.0164522983055,0.00134533882814,0.00136723774954,0.0108852087378,0.001284453834
0.027245732048,0.0711549673365,0.0295128233637,0.00358992716665,0.0530172318213,0.00337326286963,0.708202567892,0.0040984043021,0.00415507396462,0.00352540619656,0.0354645261433,0.00428458245536,0.00359905821682,0.0443464786167,0.00442995760712
0.0472564804071,0.119924197008,0.0808589998357,0.00499951925617,0.0510768909914,0.00591362772111,0.459451136057,0.00564644255156,0.00839311455489,0.00531407330439,0.0359668072978,0.00616630358493,0.00718739781566,0.154261453709,0.00758355590496
0.0446157834529,0.0292176772967,0.0471690574822,0.00266344897512,0.0215201663587,0.00348857528925,0.772298240365,0.00304217669333,0.00344273162007,0.0031852818004,0.0232492542515,0.00278715254027,0.00361158418313,0.0366993440131,0.00300952567822
0.0399273048728,0.122137905133,0.0585412460728,0.00470378685093,0.0554273376035,0.00509809146941,0.5315669943,0.00532507694161,0.00710636593876,0.00482029375644,0.0365396749377,0.00584720246327,0.00598190648048,0.110097111675,0.00687970150427
0.0441749310118,0.0219533340283,0.0343732680001,0.0024113841409,0.0189228477661,0.00306659423871,0.810369903892,0.0027684290691,0.00273534329955,0.00293084561788,0.0235963875466,0.00240404066236,0.00296464695675,0.0248720640848,0.00245597968502
0.0149413627986,0.0267351002704,0.0157520171265,0.00163863043805,0.0203556921579,0.00165796939929,0.871031642153,0.0018730528004,0.00191604416691,0.00169211909497,0.0162978322265,0.00187213310091,0.00174373487577,0.0205497668623,0.00194290252891
0.0238412152292,0.018407774141,0.024255976316,0.00160091229377,0.0139099834567,0.00198081788244,0.869068359648,0.00183040192167,0.00199331056822,0.00186408632084,0.0146649905949,0.0016905474453,0.00203908094616,0.0210541116246,0.00179843161094
0.0331355521424,0.0236947130071,0.0343552973721,0.00210476818678,0.0176578881789,0.00267614719607,0.824262651232,0.00240526812328,0.00266996366334,0.00248216235767,0.0188301923512,0.002213483241,0.00276323063572,0.0283761695556,0.00237251275688
0.0231775517606,0.0529168774319,0.0249465266892,0.00286031912593,0.0395655191476,0.00276255786366,0.770439677473,0.00326678198685,0.00333019509911,0.00286090383664,0.0283142869275,0.00336072535716,0.00293500462378,0.0357797483752,0.0034833243022
0.0532802631403,0.0971112038736,0.0968208531657,0.00489824467482,0.0451837518641,0.00619031933686,0.470914110572,0.00553467389106,0.00835000097716,0.00540608203584,0.0348727236755,0.00585916454996,0.00750347248109,0.150871926869,0.00720320889293
0.000979578625867,0.000989710398925,0.000832986588379,8.73528502431e-05,0.000923908074516,9.16243723749e-05,0.993707359569,0.000100419621908,9.17553796528e-05,9.51331506394e-05,0.000979892107933,9.2067945175e-05,9.01335493055e-05,0.000847170460161,9.09073055378e-05
0.00277952119566,0.00336186217144,0.00251305812014,0.000268516942337,0.00302640263727,0.000275896701717,0.980335140762,0.00030826358208,0.000288152802305,0.000286480872065,0.00294648106904,0.000289843202906,0.000276305616916,0.00275517857804,0.000288895746093
0.0357486871087,0.13941429465,0.0454618354023,0.00495014984643,0.0719222994495,0.00479584069968,0.535623093996,0.00561831187009,0.00660787512799,0.00481762665349,0.0419912924895,0.00625105593531,0.00543264752769,0.0844090699023,0.00695591934086
0.00904195156428,0.00834138284665,0.00894778768901,0.000688594817618,0.00649858359053,0.000802903385509,0.945732334595,0.000788036390043,0.000825687218973,0.000778638105462,0.00662110154739,0.000735301446473,0.000822937693363,0.00860459928062,0.000770159828893
0.181011515429,0.0384128353294,0.0733531588351,0.0063463425647,0.0397174028903,0.00853188797291,0.501952358338,0.00734352338079,0.00602896681836,0.00848302531686,0.0678826674434,0.00565207356283,0.00722434632509,0.042677338185,0.00538255760846
0.00184956597632,0.000727793203917,0.991352252435,9.35682037215e-05,0.000427269166572,0.000235717374649,0.00163521198392,0.000104565303635,0.000247274733437,0.000134723641182,0.000440487966341,9.92523135428e-05,0.000358946745649,0.00215728822999,0.000136082721873
0.00242655003341,0.000973956121531,0.988471142703,0.000125905237979,0.000570040855845,0.000320666006901,0.00213345516846,0.000140618521785,0.000340129306472,0.000181448791965,0.000585556104045,0.000133850508378,0.000497565039431,0.00291440893616,0.00018470666497
0.0270221759318,0.012324943456,0.856564031313,0.00167733739124,0.00712270562133,0.00462304864395,0.0229761638593,0.00186538071522,0.00531690011441,0.00243430764313,0.00716183691798,0.00180846569622,0.00832578073975,0.0381678038585,0.00260911809801
0.00192071352502,0.000659933454092,0.991886070783,8.76804052038e-05,0.000398569353838,0.000222629568909,0.00158439162478,9.8134287921e-05,0.000217729172521,0.000127866232935,0.000421238761133,9.15295455957e-05,0.000322287273659,0.00183841255873,0.000122813452893
0.0178542757836,0.0062764945454,0.922425248389,0.000922932023647,0.00383214719422,0.00266643034258,0.012992529645,0.0010290743232,0.00258116082789,0.00138551925157,0.00404465809159,0.000961156604453,0.00432792141463,0.0173720613273,0.00132839023593
0.00688201452359,0.00256123080004,0.968977543159,0.000355978146989,0.00153447776378,0.000972200562184,0.00541971155213,0.00039719049746,0.000983665292515,0.00052475675601,0.00160011050079,0.00037425289761,0.00154922184156,0.00735023641688,0.000517409289871
0.0423216056692,0.0271078834262,0.700732184961,0.0031967948174,0.0143703799523,0.00794182429883,0.0444991160756,0.00354664168862,0.0116173468905,0.00439683617695,0.0135018855335,0.0036215293097,0.015456897762,0.102177522407,0.00551155103112
0.123467897468,0.0192355822856,0.684772135702,0.00339077742337,0.013496293127,0.0103719357563,0.052070916703,0.00381103834176,0.00683159946258,0.00551172567756,0.0162823621553,0.0032349881607,0.0122371988914,0.0412779474734,0.00400760137233
0.0324115062501,0.0149784933262,0.828744697823,0.00166585720423,0.0084500727238,0.00366338044453,0.0375697714922,0.00186612624848,0.00409278832158,0.00229568262085,0.00847517145129,0.00179949938594,0.00525082573906,0.0463023087604,0.00243381820788
0.0256205189021,0.00788484455315,0.898633145294,0.001221214505,0.0049562084673,0.00366831165814,0.0168715969846,0.00136284006525,0.00325555740813,0.00187184520754,0.00536160497299,0.00124933059474,0.00571366717211,0.020632980578,0.00169633363727
0.0937379671672,0.0511634647323,0.419785421581,0.00480688062347,0.0288162926515,0.00872613757356,0.186499072643,0.00541498389233,0.00970426585422,0.00626995859089,0.0285374700093,0.00522305249367,0.0110781020906,0.133566261223,0.00667066887368
0.052608725201,0.0544525506465,0.391067025564,0.00525060512979,0.0252510937448,0.0113606179736,0.0698658527016,0.00580149202433,0.0238717003141,0.00670508028013,0.0214584501058,0.00641347984368,0.0241210868583,0.291079903969,0.0106923356433
0.020742891708,0.00816781387128,0.901828523686,0.00116443186094,0.004873760327,0.00330714201294,0.0161495536163,0.00129681300426,0.00344048923271,0.00172396908212,0.00503851627237,0.00123054324955,0.00563162398129,0.0236714023947,0.00173252569995
0.0379255884271,0.0148860461734,0.819245907378,0.0022330520256,0.00898547324162,0.00671525617458,0.028159567543,0.00248332329164,0.00688820165385,0.0033513813783,0.00932124844006,0.00235152450785,0.0120711863538,0.0420421687722,0.00334007463908
0.0179838035182,0.0054022808427,0.930327122686,0.000822218070016,0.00339612007207,0.00240441953297,0.011950961852,0.000918425004199,0.00212891102794,0.00125451170485,0.00368472208699,0.000840330615824,0.00363302708238,0.0141207853915,0.00113236051263
0.0249006738678,0.0115979879608,0.865808780023,0.00154859143844,0.00665421642757,0.00419484883459,0.0216940337216,0.00172252313421,0.00489362921206,0.00223452593272,0.00666043271361,0.00167522795323,0.00749999583196,0.0364961154342,0.00241841751392
0.0330583349582,0.0154563100376,0.820543151105,0.00212227492225,0.00891560861165,0.00592146015789,0.0280668638616,0.00235837762261,0.00693388827037,0.00308153888213,0.00892911040456,0.00229473112421,0.0109913186278,0.0479891956016,0.00333783581251
0.0298131393096,0.00721519563937,0.900954877751,0.00106923988394,0.00467170153551,0.0028627477125,0.0191611545196,0.0011998746504,0.00236987179455,0.0016231701506,0.00524812904237,0.00107308846738,0.00375467256331,0.0176023412824,0.0013807956971
0.0262867335099,0.00901577077341,0.889040525054,0.00112718806256,0.00544037309157,0.00263744751189,0.0244175529501,0.00126472377291,0.00258273132772,0.00161240784673,0.00576412368697,0.00117715907286,0.00358460946232,0.0245034055829,0.00154524829418
0.072021729911,0.029453964114,0.650244191752,0.00323891046541,0.0172975492383,0.00667868692025,0.0923561878623,0.00364244483847,0.00692274950594,0.00444039225127,0.0178913611699,0.0034371636935,0.00869728667723,0.0792363801407,0.00444100146013
0.0733975785407,0.0142513588104,0.786532240219,0.00241229515405,0.00967315254382,0.00736130950438,0.0361513179817,0.00270558440719,0.00525898606818,0.00385370171857,0.0112863411733,0.0023493584689,0.00939796260618,0.0323814419689,0.00298737083454
0.0506177100946,0.0305133613781,0.667352712017,0.00298154857457,0.0161309707611,0.00606608601232,0.0733988027195,0.00333804199846,0.007536306361,0.00395577420499,0.0153897888205,0.00331797392783,0.00885534933491,0.1059761592,0.00456941459492
0.0378532997355,0.00859213199416,0.879082582377,0.00134775636543,0.00564959496118,0.00384253559212,0.0218975861194,0.00151124532622,0.00302567985118,0.00208944970647,0.00641759147222,0.0013394128573,0.00507540468602,0.0205505266343,0.00172520232175
0.0139715524264,0.00411254757098,0.947108711881,0.000562786622513,0.00256132703814,0.00142496471516,0.0107252001213,0.000631098691449,0.00129794229132,0.000830095626442,0.00278335323853,0.000577554288329,0.00194017356466,0.0107168835125,0.000755808411621
0.0400403354699,0.023430299507,0.742642558697,0.00238280810247,0.0124519432934,0.00504044438507,0.0530669676057,0.0026645624405,0.00629619185113,0.00319525468715,0.0119248405669,0.00264833726954,0.0075901062357,0.082934110032,0.0036912398567
0.0501147513371,0.0513219363958,0.415678888884,0.00470799165267,0.0235749596216,0.00988222599251,0.0700353261984,0.00521307963801,0.0192376155004,0.00599229834709,0.0200747795611,0.0057125297188,0.0194870989086,0.289702455654,0.00926406258952
0.0925214123351,0.0224772319608,0.688269462467,0.00301370297912,0.0146205848895,0.00691317702745,0.0747795570594,0.00339613930716,0.00591382326776,0.00440042807256,0.0165401124474,0.00303397927445,0.00834291927867,0.0520049571002,0.003772512533
0.059144200423,0.0198011963168,0.746139553063,0.00327967311282,0.0124973599505,0.0108524754771,0.0381325397314,0.00364798612374,0.00967808551953,0.0051088350677,0.0134047784794,0.00336332435318,0.0190904181835,0.0511766522798,0.00468292191905
0.0500564735593,0.0555925591363,0.359870390379,0.00503133881814,0.0250390982558,0.0104688782016,0.0706101169733,0.00556255226892,0.0222185691284,0.00633888927063,0.0209549326762,0.00619771733156,0.0214783970371,0.330257319426,0.0103227675375
0.0134048661435,0.00400476587382,0.948380965946,0.00060087093,0.0025134023581,0.0017235064966,0.00903483571349,0.000671529956495,0.00153229900398,0.000912834054832,0.00272760978604,0.000614448132913,0.00256424335435,0.0104888928474,0.000824929402403
0.0547075923953,0.0120076963092,0.829175187077,0.00177953109688,0.0079048008723,0.00462872553991,0.0343317205928,0.00200039996535,0.00372425131093,0.00270106693257,0.00903035032775,0.00177074881125,0.00579033563055,0.0282099559301,0.00223763720853
0.0205652667926,0.00856516956049,0.899798566003,0.00100903308529,0.00494796944683,0.00231534526536,0.0213340504594,0.00113017541756,0.0024794438192,0.00141546839855,0.00505528915374,0.00107752177118,0.00331996749523,0.0255347076786,0.00145202565244
0.00346507951201,0.00108010947676,0.986315166501,0.000153477604494,0.000668110715294,0.000414631178419,0.00253406291231,0.000171691248225,0.00038293166928,0.000228965218756,0.000718694640123,0.000158159612327,0.000603477581095,0.00289380097109,0.000211641158729
0.0536743741779,0.0239813286659,0.723088320637,0.00260594253916,0.0137077722846,0.0054835553216,0.067474360018,0.00292524726115,0.00594652114577,0.00356516117531,0.0138891300228,0.00279787538104,0.007465753923,0.0696966866535,0.00369797079334
0.00888103702675,0.00316028261172,0.961230084655,0.000449840831969,0.00191452705208,0.00125298561341,0.00671930861002,0.000501962936257,0.00123183426239,0.000668748616958,0.00201359555951,0.00047002036875,0.00198529224521,0.00887351404046,0.000646965569792
0.0275075329467,0.00667105671061,0.908448542162,0.00100209874929,0.00432263229484,0.00273642829796,0.0173135877974,0.00112396899997,0.00225214898555,0.00152866518349,0.00485435957381,0.00100499079503,0.00362858544002,0.0163075380352,0.00129786402823
0.00937087640587,0.0036280811402,0.956799349876,0.000449507208066,0.00213133954922,0.00107757185619,0.00881614200384,0.000503220413884,0.00111854929434,0.00064062898901,0.00220511642276,0.000476062832054,0.00156090386231,0.0105806090719,0.000642041074703
0.0108610085614,0.00386512691521,0.952539161522,0.000554008324082,0.00234435878791,0.00155601851914,0.00815339344861,0.00061806480124,0.00152716802665,0.000825236261086,0.00246633516669,0.000578638471336,0.0024827313296,0.0108310678026,0.000797682062833
0.0287577432263,0.0166724744893,0.81459321361,0.00193547667098,0.00897219439086,0.00469094026703,0.030420278262,0.00215320061193,0.00624063646695,0.00267314727443,0.00858981767001,0.00215966909362,0.00828892218461,0.0606782692868,0.00317401649511
0.0299865970531,0.01809247985,0.799856161294,0.00202391617493,0.00960478290724,0.0047605022018,0.0333522417625,0.00225264421199,0.00642738926069,0.00276797221009,0.00912075815901,0.00226979649749,0.00826160830433,0.0678922491371,0.00333090097615
0.00433703215532,0.0125138455743,0.0152632097024,0.000577142852186,0.00383026441842,0.000869470685723,0.0101434545996,0.000638533907413,0.00225392457053,0.000633845469352,0.00261588484185,0.000795923507384,0.00152308832193,0.942616731309,0.00138764808505
0.00870820766124,0.0427400156032,0.0236364919908,0.00127025848262,0.0101336888701,0.00166066007359,0.0265705119188,0.00140900747317,0.00404677253847,0.00131799532279,0.00621532309237,0.00181368410066,0.00263609844712,0.864806151761,0.00303513266456
0.00220654527588,0.00955308032162,0.00639495535485,0.000323136045594,0.00241112733707,0.000438868574942,0.00605226736332,0.000357754687584,0.00114310934492,0.00033910731468,0.00151476745101,0.000462123217242,0.000727116420252,0.967273755202,0.000802286089334
0.00588999846576,0.0180809009923,0.0197948302101,0.00076366739358,0.00536088176925,0.00111460898479,0.0152204237351,0.000846687842504,0.00266845774958,0.000833097117394,0.00362138545468,0.00104661881534,0.00185919206983,0.921141889186,0.0017573602136
5.220717559e-05,0.00020517518005,0.000158335060024,7.76862580865e-06,5.46025909214e-05,1.08947390803e-05,0.000130331787944,8.58407496834e-06,3.06332816397e-05,8.21915829246e-06,3.49102578187e-05,1.11567254782e-05,1.88618597238e-05,0.999248204654,2.01148290061e-05
0.006656325658,0.0398441221213,0.0172587811165,0.00109863221741,0.00855451837382,0.00140208231391,0.018546323619,0.00121393371723,0.00400244737756,0.00111207119902,0.00502233592713,0.00164339780098,0.00232425143698,0.888338683294,0.00298209382708
0.00486487626469,0.0269504032206,0.0129415657488,0.000792381492915,0.00603445068964,0.00102839344082,0.0132246912929,0.000875344608266,0.00295950521603,0.000807885167508,0.00359653072112,0.00117898096683,0.00172333179636,0.92087311984,0.00214853953366
0.037273787314,0.0579095260696,0.19495220178,0.00369048569238,0.0226596513817,0.00631166742934,0.0779715119138,0.00410273964828,0.0122499457151,0.00437517408025,0.0177103221956,0.00464726053285,0.0105705767174,0.538272275906,0.00730287362385
0.0101822006306,0.0400846843127,0.0296943370846,0.00137317476802,0.0106143057588,0.00186611740326,0.0306664124504,0.00152495520034,0.00429471100152,0.00145760901123,0.00681572285801,0.00190786229,0.00295357477589,0.853446801518,0.00311753093667
0.0273915490559,0.0615567586772,0.101324533771,0.00298332502938,0.0209940829848,0.00451003479597,0.0753200763617,0.00332199878566,0.00888362176721,0.00336568744415,0.0151987752723,0.00387410344749,0.00706758043626,0.658215143998,0.00599272817335
0.0149662076291,0.0455034526043,0.0484286747641,0.00236377850962,0.0141723684895,0.00361375912673,0.0298859022842,0.00259785314781,0.0129981281159,0.00255466353776,0.00948994668606,0.00342461600058,0.00715579261184,0.796019952438,0.00682490405494
0.00107433508601,0.00444784987054,0.00317941091385,0.000166380138025,0.00116045173227,0.000231416149985,0.00262861050937,0.000183624792972,0.000687972508579,0.000174652657269,0.000732725139615,0.000242311973129,0.000406446919251,0.984235443592,0.000448368017363
0.0065232638876,0.0335268271571,0.017615855002,0.00111344592736,0.00793948987078,0.00147564385222,0.0160778353295,0.00122651019535,0.00480846852716,0.00113594469271,0.00477828812863,0.00168375375135,0.00259966807575,0.896230417606,0.00326458799679
0.00565521627797,0.029843793298,0.0152039041437,0.000954695034095,0.00693445700353,0.00125691639138,0.0143012296698,0.00105242003704,0.00396120203297,0.000973260314067,0.00415743620854,0.00143857554152,0.0021840803162,0.909338248545,0.00274456518633
0.0119972945544,0.0403838114217,0.0372868935284,0.00193583172334,0.011975695232,0.00287026035501,0.0249267376161,0.00212800390727,0.0102627497127,0.00206527972778,0.00784703899535,0.00283613246334,0.00555754711136,0.832265493435,0.00566123021599
0.0232310056226,0.0550296381058,0.0849789756992,0.00260707823651,0.0183239305397,0.00392368460004,0.0630204939192,0.00290082453757,0.00798726230631,0.00292577507968,0.0131102845413,0.00341579194767,0.00622364739024,0.70696453046,0.00535707701375
0.0149132918756,0.121754117443,0.0351195714099,0.00253972122705,0.0219233237415,0.00304003233276,0.0468953815173,0.00281142703111,0.00809997426225,0.00250798077546,0.0121503138718,0.00384194922303,0.0047855981056,0.712921085097,0.00669623208665
0.000928190174867,0.00410907417584,0.00267998066001,0.000143314300547,0.00103247703714,0.000195589972612,0.00237764097443,0.000158310659034,0.000560439135587,0.000149573855605,0.000643874076037,0.000208751505283,0.000335828081681,0.98609731235,0.00037964304145
0.00884639938132,0.0336161879585,0.0263476483902,0.00145363360887,0.00936788824253,0.00208163805646,0.0193328089428,0.00159879493015,0.00727211560858,0.00152932054962,0.00598655730227,0.00215234834611,0.00391492566006,0.872226034099,0.00427369892376
0.00729469127579,0.0371864809684,0.0196840603562,0.00108901762344,0.00864108020408,0.00141893941846,0.0218129812918,0.00120706165177,0.00356356955201,0.00112511647063,0.00525687924382,0.00156826595826,0.00227352553223,0.885213816069,0.00266451438406
0.0205731102464,0.146779473136,0.0480508793923,0.00422750731378,0.0305956422682,0.00513606726215,0.0495720274217,0.00463624646957,0.0201664732863,0.00408793117418,0.0169857464356,0.00691333630682,0.009120751039,0.618119536989,0.0150352712591
0.0108605537819,0.0471721185168,0.0304180498867,0.00150491849703,0.0119149306734,0.00200263452244,0.033627891343,0.00167119535865,0.00464770530875,0.00158129872787,0.00749664281474,0.00210988429729,0.00314785089322,0.838392278711,0.00345204666759
0.0208686901914,0.0420599905142,0.0916599411628,0.00252413763025,0.0150484690085,0.00423307421924,0.0412098059731,0.00279129235001,0.0106113197746,0.00290330536645,0.011084194994,0.0033523232852,0.00784854574131,0.738000379138,0.00580453065131
0.0117485955762,0.0619803500145,0.0308500240218,0.00212435005333,0.0147489648373,0.00279474060225,0.0277324841954,0.00233509325605,0.010054245376,0.00214593787307,0.00878442865155,0.00328225456958,0.0050492397234,0.809679262114,0.00669002913584
0.0022857350127,0.00716201258533,0.00770272369719,0.000319238751625,0.0021205224432,0.000473911126323,0.00531164554125,0.000352790088856,0.00130273844253,0.00034682537921,0.00142151778797,0.000447342467482,0.000841010099334,0.969112603904,0.000799382672934
0.00114259711655,0.00453365856885,0.00343920191415,0.000175594410081,0.00120866530604,0.000246915858514,0.00274940604087,0.000193766849108,0.000737247872175,0.000185168383408,0.000769747715463,0.000254857607359,0.000436967336111,0.98345378454,0.000472420481109
0.00931783083936,0.0246714647439,0.0340656855971,0.00128058721893,0.00793557239087,0.00200763930393,0.0195244728596,0.00141325397416,0.00576425449702,0.0014190472522,0.00550390837477,0.00177577605389,0.00374702154303,0.878339686741,0.00323379861007
0.0264452058703,0.0806545865652,0.0791996497743,0.00312398380582,0.0244349643068,0.0043320656188,0.0880060343064,0.00348239156008,0.00857040979561,0.00339809342069,0.0165792850028,0.00415144129712,0.00651127281232,0.644785180233,0.00632543563106
0.00100823432478,0.00445752143808,0.00291156205922,0.000152430463414,0.00111672922083,0.000207320494979,0.00266182859058,0.000168543370669,0.00057004966599,0.000159356172172,0.000697530604546,0.000220436336875,0.000350354507681,0.984925148984,0.000392953766503
0.0153118662807,0.0560155578419,0.0449817838182,0.00262081288395,0.0161944933566,0.00379615290496,0.0317095376133,0.00287670103586,0.0147434245988,0.0027544009868,0.0103934786729,0.00392438913384,0.00741866964722,0.779124303729,0.00813442749582
0.0108629015087,0.0483445177405,0.0301661758131,0.00151684316794,0.0120644700858,0.00200923322952,0.0337590407766,0.00168431304464,0.00468283719353,0.00158988850228,0.00755256628371,0.00213217820652,0.00315642528866,0.836984821243,0.00349378791524
0.0324473023404,0.0994229655886,0.0911947649316,0.00613119222064,0.0331599194546,0.00931771549771,0.0580990343249,0.00669255942502,0.0508811963208,0.00648016632791,0.0219115253422,0.00935881200921,0.0205584147694,0.532630965141,0.0217134663057
0.0439802784785,0.0758002779695,0.175276402587,0.00418586363593,0.0289720791739,0.00653389109739,0.122432453146,0.00467390310053,0.0113355982125,0.00485181968172,0.0222534974956,0.0052314767942,0.00981915339082,0.476947275084,0.00770603015303
0.0156276548143,0.0358090346965,0.0622775884543,0.00204420337566,0.0122439456837,0.00333984083669,0.0311196502276,0.00225672028438,0.00924646698232,0.00230976064258,0.00876144543946,0.00278132870601,0.00632563322674,0.800860727567,0.00499599906235
0.00101703066257,0.00410542771851,0.00304093955973,0.000156576672973,0.0010846483756,0.000219154404878,0.00246809628824,0.000172801022889,0.000651467735159,0.000164825478805,0.000688430336688,0.000227473528261,0.000386253824059,0.9851960321,0.000420842292114
0.0138939557763,0.0430306838315,0.0447380809854,0.00219440843312,0.0132663502808,0.00333485543543,0.0280418384896,0.00241218707709,0.0118827016515,0.00236681711277,0.00885038413829,0.00318228172432,0.00655727781358,0.809924681051,0.00632349619982
0.00632744239991,0.0171614241124,0.0230513118822,0.000830700438948,0.00540314541881,0.0012743166077,0.0143531899944,0.00091888466076,0.00330645575443,0.000919188091703,0.00373774023258,0.00113928674589,0.00225787218896,0.917329908661,0.00198913280979
0.00157366546002,0.00588935274168,0.00485125590063,0.000239273477235,0.00161701938642,0.000341689365936,0.00369840698702,0.000263984225466,0.00102622456135,0.000253943634767,0.0010421151646,0.000345610482012,0.000611259977895,0.97760408491,0.000642113725244
0.0153350618107,0.125095445002,0.036040070295,0.00259256713828,0.0225333372394,0.0031001313827,0.0488633776682,0.002871006921,0.00814586664823,0.00256208114984,0.0124944567502,0.00390944747194,0.00485546937496,0.704842763755,0.00675891739328
0.0104860436122,0.0320717063395,0.0346038067954,0.00159893416714,0.00984049434111,0.00243129589993,0.0216783035089,0.00175987673419,0.0080876398547,0.00173212232236,0.00659532379414,0.00229459169267,0.00467861090268,0.857704405428,0.00443684460663
0.0148185863508,0.671752014401,0.0255803942713,0.00388559519904,0.0424019472881,0.00354640284301,0.0457285775647,0.00427498583735,0.0107446747166,0.00329235932967,0.0170666742639,0.00714442620884,0.00526426253661,0.130849180293,0.0136499188958
0.00564224624752,0.879715788175,0.00779437406023,0.00180580233043,0.0344718404465,0.00130075553973,0.0201770179411,0.0019995008051,0.00301072503003,0.00137103964023,0.00896924658501,0.00351776590439,0.00168068467072,0.0235894239564,0.00495378866723
0.0136712691502,0.684639422058,0.0173289407479,0.00409002023966,0.116194547206,0.00284521050737,0.0596982218563,0.00457264262279,0.00545229136766,0.00312436558147,0.0247630533418,0.00719219922102,0.00342861953566,0.044643658213,0.00835553835176
0.0158271893148,0.65875064406,0.0267128916061,0.00441969417176,0.0476294090319,0.00392054267322,0.0469578537873,0.00485291617116,0.0123554448075,0.00367222345224,0.0187325838163,0.00842780175552,0.00583247193737,0.125123847012,0.0167844864028
0.00646786206274,0.869029965524,0.00937900571594,0.00157364464018,0.028735827032,0.00128943346602,0.0297407647425,0.00175571244953,0.00265567862089,0.00130964319844,0.00917894071804,0.0026167870349,0.00164893834454,0.0311163039725,0.00350149247764
0.00690426130469,0.853247020951,0.0113872957943,0.00163933717519,0.0219294571414,0.00147093843615,0.0263031296288,0.00181725727621,0.00360172864773,0.00140534655718,0.00833916014285,0.00280519344203,0.00203938519858,0.0526648800876,0.00444560821611
0.0249753521145,0.340602243627,0.0281336881533,0.00703336570653,0.299266672841,0.00469919304577,0.134120455636,0.00794809581108,0.00749626604371,0.00541852961529,0.054396157334,0.0109938352175,0.00525212189669,0.0587987635833,0.0108652593734
0.0264672385494,0.196015352694,0.0585359164784,0.00401004191949,0.0386542476511,0.00469971813089,0.107262623917,0.00446695708131,0.0100864215681,0.00400522552761,0.0217516208425,0.00575213912347,0.00679345134024,0.502673865939,0.00882517923704
0.00423381387531,0.912634773289,0.00640829124202,0.00125235445958,0.0181257915078,0.000995256188608,0.0142674295209,0.00138190638322,0.00259688840497,0.000994332177448,0.00583701059755,0.00240683333738,0.00136342287094,0.0235527268875,0.00394916925737
0.00768847306352,0.84455834137,0.0111012330434,0.00185153677402,0.0341674301026,0.0015187702021,0.0360751467572,0.00206699263669,0.00308792909354,0.00154464091993,0.0109393915566,0.00305557558245,0.00193396124831,0.036361465538,0.00404911211205
0.00488565997743,0.895993607115,0.00666125720702,0.00141314457595,0.0303590425023,0.0010452962228,0.0200074970657,0.00157310921855,0.00220311981519,0.00110423147688,0.00784189285267,0.00254173285909,0.00131733270587,0.0197403038129,0.0033127725925
0.0177009230477,0.558754942124,0.0328578822004,0.0039291847829,0.0421203838337,0.00389230928443,0.0595120144103,0.00434123119416,0.010770411507,0.00351129160435,0.0185832562455,0.00662712212894,0.00577579053441,0.219902495842,0.0117207612604
0.0172966287458,0.620101017476,0.023051921537,0.00674395666615,0.117127553909,0.00440893628394,0.0530027971675,0.00741640258767,0.010942491791,0.00477616742687,0.029100886873,0.0151416833907,0.0057095401697,0.0629771428432,0.0222028731323
0.00446857757639,0.907277419084,0.00649762896264,0.00138733818409,0.0221372410662,0.00105192563268,0.0152304664283,0.00153193429324,0.0026379088528,0.00107589687272,0.0065476791999,0.00271486517713,0.00140855587232,0.0218029225316,0.00422964026624
0.0014034223907,0.971074752983,0.00211276997934,0.000398828726791,0.00611421976224,0.000318977013262,0.00500740979984,0.00044112414939,0.000791401059532,0.000319662021028,0.00194629746503,0.000743381203061,0.000431051046985,0.00773535371438,0.00116134868571
0.000482497283969,0.990080932277,0.000735103512954,0.000127914639431,0.00198630912176,0.00010530272372,0.00183571450191,0.000141807943459,0.000250579629623,0.000104775450773,0.000653653656997,0.000228596827083,0.000141450305254,0.00277923744735,0.000346124678901
0.0040002520793,0.916087725994,0.00566125073906,0.0012479028297,0.0220741625815,0.00092410716233,0.0141729746418,0.00138066940424,0.00220008766611,0.000960075858871,0.00611304098922,0.00241715853597,0.00121161091402,0.0180078162707,0.00354116433283
0.0016886897376,0.965415370036,0.00258473517782,0.000424670895746,0.00668366512523,0.000356289749249,0.00680672057339,0.00047169585901,0.000815708171101,0.000353301345715,0.00225512888759,0.000735210671745,0.000474899651817,0.00985151987604,0.00108239424167
0.00989253682456,0.784627396335,0.0167704130021,0.00227389580229,0.0290352920265,0.00209589172261,0.0374300410489,0.00252036045223,0.00518654006584,0.00197621855334,0.0115171394432,0.00384423270519,0.0029379663625,0.0837146648672,0.00617741078845
0.00775511345741,0.833429845778,0.0128980617484,0.00195761895135,0.0245981003199,0.00174269573962,0.0269164975803,0.00216306695069,0.00463391876794,0.00165615111893,0.00934567627634,0.00348507314542,0.00247313241335,0.0610282846403,0.00591676311251
0.00805014569588,0.832591436717,0.0116354941535,0.00263128698953,0.0404237175652,0.00195610664289,0.0261311608494,0.00289924925506,0.00507670530446,0.00200834296846,0.0119034234643,0.00534241024739,0.00263446952372,0.0381137844482,0.00860226617461
0.00901171889021,0.810427834035,0.0145812069261,0.00251661233795,0.0310207086805,0.00214612941866,0.028934782669,0.00277165213532,0.00608987119228,0.00206409845191,0.0113020442991,0.00475091653681,0.00306740467883,0.0627692531388,0.00854576660988
0.00843732772715,0.821682642153,0.0118135869441,0.00283065934813,0.0482969229616,0.00203051519325,0.0280329934107,0.00312338521975,0.00501736041998,0.0021260939612,0.0131312709092,0.00576750502328,0.00267453064683,0.0363357084758,0.00869949760641
0.0231177258931,0.507121251731,0.0289961654709,0.00555563705868,0.144704713282,0.00422059427353,0.134691560731,0.0062546834291,0.00719856071105,0.00455985601988,0.0397016803421,0.00858443117538,0.00495542901316,0.0707260629831,0.00961164788525
0.00569733723647,0.878491481466,0.00786656473922,0.00182500369103,0.0348843176978,0.00131368566547,0.0203702104092,0.00202076501394,0.00303961839624,0.00138509927131,0.00906444502239,0.00355644726985,0.00169697042762,0.0237829581805,0.00500509551299
0.00824967815463,0.830822602571,0.0130719957579,0.00186497074534,0.0278158372202,0.00165245448235,0.035911682197,0.00207588139442,0.00363764932347,0.00160767617939,0.0103231443728,0.00306694159719,0.00220460895499,0.0532453931836,0.00444948386532
0.0109583066187,0.762426019714,0.0143947594312,0.00303594884863,0.0748489021185,0.00222925850757,0.0498780095095,0.00339396138495,0.0043253749138,0.00239110124678,0.0184426397324,0.00520147942322,0.00272639961923,0.0394524652946,0.00629537363671
0.0016797808003,0.96526240295,0.00261407889314,0.000445750842978,0.0064955836491,0.00037263502333,0.00615617098912,0.000493460745619,0.000922085864495,0.000366692601774,0.00221323144843,0.000803218125695,0.000508685758283,0.0104013074099,0.00126491489834
0.0109771918377,0.748652768585,0.0142076173261,0.00358314911326,0.0904742243114,0.00243934037432,0.0422794254587,0.00398609747644,0.00506689142687,0.00266760966923,0.0194618005057,0.00678706863346,0.00300983792991,0.0380507971748,0.00835618017687
0.0182800674938,0.600546301752,0.0244385806285,0.0072322041636,0.120121257182,0.00472071046969,0.0549189631367,0.00794377982848,0.0119444214333,0.00510443893029,0.0305232382742,0.0165032951332,0.00614609402434,0.0667669165028,0.0248097310469
0.0148829568477,0.663907251358,0.0260582632924,0.00376745817992,0.0411384802922,0.00349752015962,0.0468364262134,0.00414908681142,0.0103914821754,0.00322837290595,0.0168389982642,0.00679457318875,0.00519030079006,0.140579463934,0.0127393655872
0.00899361464709,0.806207012724,0.0150934607572,0.00207724252089,0.0270681170545,0.00189921550783,0.0344290556555,0.00230317173846,0.00464787608347,0.00179948034338,0.0105985153322,0.00351297549741,0.00264668217173,0.0731372717182,0.0055863082485
0.00355214205103,0.926798474856,0.00502506107914,0.000938686696787,0.0182405121345,0.000735404659084,0.0153186356394,0.00104583022195,0.00154685402026,0.000759031261356,0.00531463061723,0.00162283407651,0.000937644948295,0.0159967451056,0.00216751263294
0.00821547960103,0.834612747113,0.012207787808,0.00191236163186,0.0328837830536,0.00161473935466,0.0384175155115,0.0021338436704,0.00333228325589,0.00161838898063,0.011171419685,0.00312998564664,0.00208121371979,0.0424224652107,0.00424598575757
0.00171222544109,0.964434725381,0.00246720613389,0.000508138881511,0.00876563607654,0.000387748632468,0.00624145653779,0.000562713662979,0.000918113845415,0.000398320442849,0.0025380374412,0.000957698486683,0.0005108650399,0.00818722636179,0.00140988763522
0.00711701203857,0.847505483623,0.0118102920351,0.00175784728401,0.0225954109059,0.00156955349416,0.0255001571908,0.00194456382759,0.00405300553662,0.00149419438915,0.00858147122014,0.00308561546196,0.002209543633,0.0556670245511,0.00510882480896
0.014885523373,0.691975175247,0.0244030647119,0.0030977042946,0.0435587387008,0.0028710585766,0.0680684882415,0.00345226036541,0.0061606149867,0.00274566307707,0.0175332257604,0.00491664415596,0.00384334689785,0.105391769111,0.00709672249997
0.0141901534831,0.658281084419,0.0178824640772,0.00485433771286,0.136057645951,0.00318050516489,0.0538927130292,0.00540268931606,0.00646728400546,0.00354018198112,0.0264735987051,0.00932895436481,0.00386958119584,0.0455767104913,0.0110020961027
0.0132398032406,0.689695939785,0.0169547108983,0.00461256945932,0.116862758388,0.0030359249454,0.0482793975992,0.00512202448574,0.00642013558728,0.00335351178402,0.0240321919579,0.00910551027443,0.00374509746757,0.0443595061849,0.0111809179418
0.0223215625415,0.437470162312,0.0425525075405,0.00419999805739,0.0466938345236,0.00435940438227,0.0890362965834,0.00466700188466,0.0102160238804,0.00391145735358,0.0221064330647,0.00652625961877,0.00622764423978,0.28940121554,0.0103101984778
